BMU: 30 5.050930144793148,3.4730153910018218,1.433958192959916,0.21636850746921124  setosa
5.1,3.5,1.4,0.2
5.1,3.4,1.5,0.2

BMU: 22 4.839835186319202,3.0263607202157883,1.4450253503627402,0.22138224180411506  setosa
4.9,3.0,1.4,0.2
4.8,3.0,1.4,0.1
4.8,3.0,1.4,0.3

BMU: 15 4.596676549097324,3.2438515753550914,1.340391579927084,0.2074869115279361  setosa
4.7,3.2,1.3,0.2
4.6,3.2,1.4,0.2

BMU: 13 4.4909579585931,3.093009824375515,1.350592822172833,0.18947410687247102  setosa
4.6,3.1,1.5,0.2

BMU: 31 5.0149465904329675,3.5988877718323025,1.443101118016586,0.1998411916418665  setosa
5.0,3.6,1.4,0.2
4.9,3.6,1.4,0.1

BMU: 52 5.548495915198269,3.9708156439601776,1.6715729471509058,0.37834268913663693  setosa
5.4,3.9,1.7,0.4

BMU: 16 4.579217613312409,3.389967475244567,1.232032327599083,0.22227768611629187  setosa
4.6,3.4,1.4,0.3
4.6,3.6,1.0,0.2

BMU: 28 4.959744280945174,3.407956961200211,1.5734867931346892,0.20091000264100148  setosa
5.0,3.4,1.5,0.2

BMU: 11 4.421445675504973,2.86098684334415,1.3152771370609697,0.20830338605232562  setosa
4.4,2.9,1.4,0.2

BMU: 23 4.870953577012117,3.0652992781556,1.5202083598030387,0.1974574286943528  setosa
4.9,3.1,1.5,0.1
5.0,3.0,1.6,0.2
4.9,3.1,1.5,0.2

BMU: 45 5.343138649458273,3.731703288054471,1.4596216729867943,0.20751490287057817  setosa
5.4,3.7,1.5,0.2
5.3,3.7,1.5,0.2

BMU: 27 4.801187675827092,3.35850665776728,1.7191337599756051,0.19875141967347265  setosa
4.8,3.4,1.6,0.2
4.8,3.4,1.9,0.2

BMU: 12 4.38194640161962,3.0422999902524466,1.2436176112601696,0.1605955662519072  setosa
4.3,3.0,1.1,0.1
4.4,3.0,1.3,0.2

BMU: 48 5.548176637722053,4.092141600627962,1.3560479060599657,0.24025982443632496  setosa
5.8,4.0,1.2,0.2

BMU: 50 5.627565076264198,4.240251848646191,1.462128399558874,0.3265966516828281  setosa
5.7,4.4,1.5,0.4

BMU: 46 5.381913952211288,3.881630328891556,1.3873605651311054,0.26447835933223945  setosa
5.4,3.9,1.3,0.4

BMU: 32 5.044926531612072,3.5802557193902715,1.4203068896902493,0.264372561105685  setosa
5.1,3.5,1.4,0.3
5.0,3.5,1.3,0.3

BMU: 53 5.642176681590022,3.7980186879854037,1.7486096501690471,0.34240981528706743  setosa
5.7,3.8,1.7,0.3

BMU: 33 5.072588080760002,3.7319062578115947,1.5535265423021833,0.2554031748604747  setosa
5.1,3.8,1.5,0.3
5.1,3.8,1.6,0.2

BMU: 41 5.377866995358668,3.4296115998278043,1.494528011930126,0.28624160939508886  setosa
5.4,3.4,1.7,0.2
5.4,3.4,1.5,0.4

BMU: 34 5.072957882564814,3.6725362584774057,1.566274295610385,0.3644954096528595  setosa
5.1,3.7,1.5,0.4

BMU: 38 5.0389388637117385,3.3970238284205783,1.6287339633932316,0.4653850530827407  setosa
5.1,3.3,1.7,0.5
5.0,3.4,1.6,0.4

BMU: 42 5.2964861063245126,3.4452540204897093,1.4385896882104958,0.23285053131090003  setosa
5.2,3.5,1.5,0.2
5.2,3.4,1.4,0.2

BMU: 25 4.784745533324685,3.183301435979721,1.6156106502657226,0.19394133413969367  setosa
4.7,3.2,1.6,0.2

BMU: 24 4.820278408058671,3.073268941434625,1.5317134938206587,0.2046332717383887  setosa
4.8,3.1,1.6,0.2

BMU: 47 5.352377459980987,3.982079276551607,1.440102328380014,0.17993959870591325  setosa
5.2,4.1,1.5,0.1

BMU: 49 5.510240044603632,4.175619524583344,1.4095031099927944,0.212612720250074  setosa
5.5,4.2,1.4,0.2

BMU: 19 4.983196297581025,3.2450282136975,1.3393698357074402,0.20029328231476948  setosa
5.0,3.2,1.2,0.2
5.0,3.3,1.4,0.2

BMU: 43 5.391621820480327,3.5269132085833537,1.4176784190209597,0.2199446319409148  setosa
5.5,3.5,1.3,0.2

BMU: 9 4.489500692512262,2.5008286200046776,1.3849748433872666,0.29713541092772994  setosa
4.5,2.3,1.3,0.3

BMU: 14 4.492031314756893,3.2288085357493204,1.2918363666972945,0.19878522681913732  setosa
4.4,3.2,1.3,0.2

BMU: 36 5.040251132854292,3.5521159685416226,1.660162297102791,0.5023571367377074  setosa
5.0,3.5,1.6,0.6

BMU: 35 5.086538700660329,3.7484707460917197,1.7233457988650374,0.3706407080590038  setosa
5.1,3.8,1.9,0.4

BMU: 74 6.743990028237327,3.0575944790667453,4.664098416213817,1.4461734373227249  versicolor
7.0,3.2,4.7,1.4
6.7,3.1,4.7,1.5

BMU: 70 6.477306371131146,3.0601747283346956,4.475262218860898,1.4410422261277867  versicolor
6.4,3.2,4.5,1.5

BMU: 76 6.803471911238285,3.043058512186578,4.842191444572292,1.5196916079268046  versicolor
6.9,3.1,4.9,1.5

BMU: 140 5.572768578854744,2.3895662619810554,3.9195259649264367,1.1653955485769707  versicolor
5.5,2.3,4.0,1.3

BMU: 73 6.648402205526745,2.9623985695335735,4.576616599983615,1.3916303051911123  versicolor
6.5,2.8,4.6,1.5
6.6,2.9,4.6,1.3

BMU: 146 5.6282160101441745,2.8480403487023733,4.2764092138534995,1.3073400604529135  versicolor
5.7,2.8,4.5,1.3

BMU: 68 6.2067115664474874,3.0677794944242662,4.648798831434274,1.4421701305804202  versicolor
6.3,3.3,4.7,1.6

BMU: 6 4.993180350885333,2.3317507755947156,3.2573458132598168,1.017300748765381  versicolor
4.9,2.4,3.3,1.0
5.0,2.3,3.3,1.0

BMU: 1 5.123569394065169,2.6423775669074727,4.075549217848132,1.4777286443074664  versicolor
5.2,2.7,3.9,1.4

BMU: 4 5.012023525040614,2.2234597044299345,3.340480220352378,1.0328361888747024  versicolor
5.0,2.0,3.5,1.0

BMU: 63 6.020752000136751,2.915064510005569,4.252597057323957,1.4093761689903637  versicolor
5.9,3.0,4.2,1.5

BMU: 138 5.98954228715884,2.2488273881834995,4.109750911692397,1.1301234629628947  versicolor
6.0,2.2,4.0,1.0

BMU: 67 6.099055120250263,2.9036485954391114,4.642621684109586,1.3529492346551695  versicolor
6.1,2.9,4.7,1.4
6.1,2.8,4.7,1.2

BMU: 57 5.677114791893628,2.7841946590508293,3.652323865851457,1.1996178808987898  versicolor
5.6,2.9,3.6,1.3

BMU: 72 6.621555215445882,3.027582068212919,4.474739321986434,1.410878704566632  versicolor
6.7,3.1,4.4,1.4
6.6,3.0,4.4,1.4

BMU: 148 5.4234213205340875,2.8916565445833182,4.441512262940654,1.471616866400175  versicolor
5.6,3.0,4.5,1.5
5.4,3.0,4.5,1.5

BMU: 60 5.833944758007998,2.661575511232503,4.011868566984218,1.1631328360087771  versicolor
5.8,2.7,4.1,1.0
5.8,2.6,4.0,1.2

BMU: 135 6.154957532458008,2.236508887457342,4.620349730481493,1.4694395462810164  versicolor
6.2,2.2,4.5,1.5

BMU: 141 5.520728019648933,2.4430042505869443,3.8330094172502656,1.1085972733714378  versicolor
5.6,2.5,3.9,1.1
5.5,2.4,3.8,1.1
5.5,2.4,3.7,1.0

BMU: 126 5.975368149363449,3.1570896309949728,4.778277451369958,1.7429105117199137  versicolor
5.9,3.2,4.8,1.8
6.0,3.4,4.5,1.6

BMU: 62 6.018575639519494,2.7934157410422253,4.096203232809191,1.2714092660731142  versicolor
6.1,2.8,4.0,1.3

BMU: 119 6.248917659209513,2.5976777680172027,5.003354858119845,1.6140272855712945  versicolor
6.3,2.5,4.9,1.5

BMU: 71 6.5002400688993065,2.932270826240175,4.427370827910859,1.375530212434951  versicolor
6.4,2.9,4.3,1.3

BMU: 75 6.758169322742856,2.9546329657509176,4.796357794485504,1.4767612215723345  versicolor
6.8,2.8,4.8,1.4

BMU: 77 6.651822954261815,3.022839417193008,5.026146740028957,1.7634409075545516  versicolor
6.7,3.0,5.0,1.7

BMU: 65 6.067141069883399,2.915166333055132,4.490109147023641,1.4085121419978286  versicolor
6.0,2.9,4.5,1.5

BMU: 56 5.683753528576435,2.6753037013108836,3.508348085667557,1.0490850277178794  versicolor
5.7,2.6,3.5,1.0

BMU: 59 5.780716486868612,2.699776502723662,3.9149679454801958,1.1869110923324997  versicolor
5.8,2.7,3.9,1.2

BMU: 118 6.179919422022405,2.711853114592207,5.183864975186347,1.5175767477011326  versicolor
6.0,2.7,5.1,1.6
6.3,2.8,5.1,1.5

BMU: 136 6.177623955074358,2.2564192478699243,4.510540430760645,1.3453418548674183  versicolor
6.3,2.3,4.4,1.3

BMU: 147 5.653433354854542,2.928812805042781,4.233119981800909,1.2939280562531927  versicolor
5.6,3.0,4.1,1.3
5.7,3.0,4.2,1.2
5.7,2.9,4.2,1.3

BMU: 142 5.530251638161951,2.533623575718232,4.056557256144235,1.231330538714576  versicolor
5.5,2.5,4.0,1.3

BMU: 144 5.608182765860735,2.7315482823832413,4.22083551650117,1.2777155075652329  versicolor
5.5,2.6,4.4,1.2
5.6,2.7,4.2,1.3

BMU: 66 6.122459152878342,2.963897110347824,4.550894899226888,1.3865852227485398  versicolor
6.1,3.0,4.6,1.4

BMU: 64 6.1258894818316625,2.909639359352001,4.32641019512295,1.3506375157480488  versicolor
6.2,2.9,4.3,1.3

BMU: 5 5.049701480830662,2.398883975823937,3.1339085813453815,1.060533077432166  versicolor
5.1,2.5,3.0,1.1

BMU: 145 5.672760454954612,2.8449509386289025,4.162083758862684,1.2887135869660835  versicolor
5.7,2.8,4.1,1.3

BMU: 84 6.4181782464076065,3.301019831672065,5.696559007730629,2.4251498070065023  virginica
6.3,3.3,6.0,2.5

BMU: 131 5.771610865464553,2.703409284950639,5.066853102635368,1.9648916517763  virginica
5.8,2.7,5.1,1.9
5.8,2.7,5.1,1.9

BMU: 107 6.990488148295883,2.9528347675570643,5.867881592812526,1.9100060415283613  virginica
7.1,3.0,5.9,2.1

BMU: 114 6.328741836529984,2.8737129601676763,5.519317783174206,1.7439079282821857  virginica
6.3,2.9,5.6,1.8

BMU: 109 6.551599296226809,2.851082833806498,5.727950817959307,2.0984206022808687  virginica
6.5,3.0,5.8,2.2

BMU: 100 7.682319596205,2.8262245831587434,6.623296379215699,2.142108251879901  virginica
7.6,3.0,6.6,2.1
7.7,2.6,6.9,2.3
7.7,2.8,6.7,2.0

BMU: 150 5.098289311111738,2.6555138547384907,4.429250788187036,1.606281546245226  virginica
4.9,2.5,4.5,1.7

BMU: 104 7.292895421624121,2.9429399420612303,6.110983355620561,1.7971942522810733  virginica
7.3,2.9,6.3,1.8

BMU: 108 6.824071340563404,2.7458781372636643,5.804586489783061,1.8402299811695384  virginica
6.7,2.5,5.8,1.8

BMU: 95 7.323377981740556,3.575471478318948,6.206936414954395,2.300762954448144  virginica
7.2,3.6,6.1,2.5

BMU: 79 6.499497574800171,3.0834818853840193,5.174160470447306,2.0179093992128103  virginica
6.5,3.2,5.1,2.0
6.5,3.0,5.2,2.0

BMU: 115 6.310415035680249,2.7116556138836816,5.418162997417925,1.7588988637537069  virginica
6.4,2.7,5.3,1.9

BMU: 90 6.809128839451295,3.091828747685382,5.41091597205107,2.197440709158443  virginica
6.8,3.0,5.5,2.1
6.9,3.1,5.4,2.1

BMU: 132 5.801113327043475,2.551984010368361,5.039607799314319,1.9389050709429878  virginica
5.7,2.5,5.0,2.0

BMU: 130 5.75860986145239,2.7433815647577346,5.050822964768806,2.127983884216246  virginica
5.8,2.8,5.1,2.4

BMU: 81 6.37249268469372,3.2368402313416484,5.336803620457094,2.236496793484725  virginica
6.4,3.2,5.3,2.3

BMU: 112 6.41713763345976,2.9971024394717674,5.528059592047802,1.8739399877441973  virginica
6.5,3.0,5.5,1.8
6.4,3.1,5.5,1.8

BMU: 97 7.759865179809059,3.7530679878456166,6.475565540762343,2.115715709610491  virginica
7.7,3.8,6.7,2.2
7.9,3.8,6.4,2.0

BMU: 134 6.009806149431237,2.267184181478413,4.873793384401032,1.557261891504179  virginica
6.0,2.2,5.0,1.5

BMU: 92 6.78567656796551,3.2286079811073374,5.714086394324796,2.19816656249761  virginica
6.9,3.2,5.7,2.3
6.7,3.3,5.7,2.1

BMU: 129 5.73989903297492,2.8190838512909573,5.01090575636676,1.9673613015058176  virginica
5.6,2.8,4.9,2.0

BMU: 122 6.238050877643491,2.7372267698780117,4.905588063757221,1.8162936010341177  virginica
6.3,2.7,4.9,1.8

BMU: 105 7.242422142759814,3.0299785162263895,6.004896375932193,1.8167765597807324  virginica
7.2,3.2,6.0,1.8

BMU: 123 6.173492110712138,2.8007628740758506,4.867215853170445,1.8187306356583774  virginica
6.2,2.8,4.8,1.8

BMU: 124 6.088047528920054,2.991796069691452,4.835412865452351,1.7853701037897207  virginica
6.1,3.0,4.9,1.8

BMU: 111 6.413766701355744,2.8771266540402554,5.586697220648945,2.072592898059452  virginica
6.4,2.8,5.6,2.1
6.4,2.8,5.6,2.2

BMU: 106 7.144054506363458,2.9578623486826734,5.886367924283298,1.715783147991938  virginica
7.2,3.0,5.8,1.6

BMU: 103 7.434226595114366,2.9058916885836097,6.115439222314024,1.9699420822652076  virginica
7.4,2.8,6.1,1.9

BMU: 116 6.176621328205243,2.681562615822344,5.455623538120673,1.530928909681935  virginica
6.1,2.6,5.6,1.4

BMU: 101 7.649709236629136,2.922725404273475,6.289215560084426,2.1911011549195893  virginica
7.7,3.0,6.1,2.3

BMU: 83 6.365969057005093,3.347799999734348,5.574648181043857,2.3903428808498672  virginica
6.3,3.4,5.6,2.4

BMU: 125 6.004692734349706,3.0198939323932095,4.847944496012446,1.7861978829895773  virginica
6.0,3.0,4.8,1.8

BMU: 86 6.677854345305813,3.168025808190327,5.626870593597541,2.391622603977148  virginica
6.7,3.1,5.6,2.4

BMU: 89 6.787149694051638,3.043908368842105,5.209613440419927,2.273092072868609  virginica
6.9,3.1,5.1,2.3
6.7,3.0,5.2,2.3

BMU: 94 6.852613337767053,3.262302533356683,5.873717634238921,2.2887033557420815  virginica
6.8,3.2,5.9,2.3

BMU: 85 6.607022071179133,3.278741588803647,5.687628864474563,2.4647919845613013  virginica
6.7,3.3,5.7,2.5

BMU: 121 6.280870813464517,2.5762576647280118,4.9489202383484,1.8269005424387403  virginica
6.3,2.5,5.0,1.9

BMU: 82 6.262592379121302,3.3566481458653374,5.471786497816864,2.3277699861892667  virginica
6.2,3.4,5.4,2.3

BMU: 127 5.890492271990563,3.026176817857661,4.9558732805232415,1.8072698750137568  virginica
5.9,3.0,5.1,1.8

